%YAML:1.0
---
K: !!opencv-matrix
   rows: 3
   cols: 3
   dt: d
   data: [ 5.2543422506445052e+02, 0., 3.0455982633238443e+02, 0.,
       5.2714561426157115e+02, 2.3390425034883265e+02, 0., 0., 1. ]
D: !!opencv-matrix
   rows: 1
   cols: 5
   dt: d
   data: [ 6.1502220661932373e-02, -1.2905088319135397e-01,
       3.1182105745693736e-03, -2.0122736975206079e-03,
       9.6184478741164758e-02 ]
board_width: 18
board_height: 13
square_size: 2.5000000372529030e-02
