%YAML:1.0
---
K1: !!opencv-matrix
   rows: 3
   cols: 3
   dt: d
   data: [ 5.2746989715095185e+02, 0., 3.0146141112029983e+02, 0.,
       5.2910236414435451e+02, 2.1776865024084026e+02, 0., 0., 1. ]
K2: !!opencv-matrix
   rows: 3
   cols: 3
   dt: d
   data: [ 5.2543422506445052e+02, 0., 3.0455982633238443e+02, 0.,
       5.2714561426157115e+02, 2.3390425034883265e+02, 0., 0., 1. ]
D1: !!opencv-matrix
   rows: 1
   cols: 5
   dt: d
   data: [ 2.8272529747972074e-02, 1.2743521707341771e-01,
       -3.6316973832638839e-03, 6.1912875722567118e-03,
       -3.8066393747002047e-01 ]
D2: !!opencv-matrix
   rows: 1
   cols: 5
   dt: d
   data: [ 6.1502220661932373e-02, -1.2905088319135397e-01,
       3.1182105745693736e-03, -2.0122736975206079e-03,
       9.6184478741164758e-02 ]
R: !!opencv-matrix
   rows: 3
   cols: 3
   dt: d
   data: [ 9.9970956052653204e-01, 1.4508147525694950e-02,
       1.9243394898534952e-02, -1.3996391872173738e-02,
       9.9955169653671494e-01, -2.6467092117108824e-02,
       -1.9618756494967728e-02, 2.6190066932859236e-02,
       9.9946444898637765e-01 ]
T: !!opencv-matrix
   rows: 3
   cols: 1
   dt: d
   data: [ -1.7039241276665068e-01, 5.6782083726612917e-04,
       -4.2873648517148637e-03 ]
E: !!opencv-matrix
   rows: 3
   cols: 3
   dt: d
   data: [ -7.1147577302678157e-05, 4.3003140769373449e-03,
       4.5404265977118353e-04, -7.6290068863837171e-03,
       4.4003869734448014e-03, 1.7021865548236431e-01,
       1.8172230614460930e-03, -1.7032426328636510e-01,
       4.4988648841482442e-03 ]
F: !!opencv-matrix
   rows: 3
   cols: 3
   dt: d
   data: [ 1.0884537460933981e-07, -6.5585527410910482e-06,
       1.0290440009542627e-03, 1.1633372365317900e-05,
       -6.6893892840770795e-06, -1.3896257085367070e-01,
       -4.2149970698848911e-03, 1.4005273999008164e-01, 1. ]
R1: !!opencv-matrix
   rows: 3
   cols: 3
   dt: d
   data: [ 9.9894084556355323e-01, 1.1832387405749163e-02,
       4.4465511051304425e-02, -1.1250473147475716e-02,
       9.9984806499389511e-01, -1.3314420074558259e-02,
       -4.4616296560016457e-02, 1.2800060009396076e-02,
       9.9892219143686278e-01 ]
R2: !!opencv-matrix
   rows: 3
   cols: 3
   dt: d
   data: [ 9.9967804712093122e-01, -3.3313574031619067e-03,
       2.5153611317932076e-02, 3.0025230208947330e-03,
       9.9990968965711802e-01, 1.3099518514623416e-02,
       -2.5194978864650788e-02, -1.3019776789882496e-02,
       9.9959776833101788e-01 ]
P1: !!opencv-matrix
   rows: 3
   cols: 4
   dt: d
   data: [ 5.2714561426157115e+02, 0., 2.7694421386718750e+02, 0., 0.,
       5.2714561426157115e+02, 2.2341947555541992e+02, 0., 0., 0., 1.,
       0. ]
P2: !!opencv-matrix
   rows: 3
   cols: 4
   dt: d
   data: [ 5.2714561426157115e+02, 0., 2.7694421386718750e+02,
       -8.9850540733662342e+01, 0., 5.2714561426157115e+02,
       2.2341947555541992e+02, 0., 0., 0., 1., 0. ]
Q: !!opencv-matrix
   rows: 4
   cols: 4
   dt: d
   data: [ 1., 0., 0., -2.7694421386718750e+02, 0., 1., 0.,
       -2.2341947555541992e+02, 0., 0., 0., 5.2714561426157115e+02, 0.,
       0., 5.8669164365315503e+00, 0. ]
