%YAML:1.0
---
K: !!opencv-matrix
   rows: 3
   cols: 3
   dt: d
   data: [ 5.2746989715095185e+02, 0., 3.0146141112029983e+02, 0.,
       5.2910236414435451e+02, 2.1776865024084026e+02, 0., 0., 1. ]
D: !!opencv-matrix
   rows: 1
   cols: 5
   dt: d
   data: [ 2.8272529747972074e-02, 1.2743521707341771e-01,
       -3.6316973832638839e-03, 6.1912875722567118e-03,
       -3.8066393747002047e-01 ]
board_width: 18
board_height: 13
square_size: 2.5000000372529030e-02
